B.Bio-NF.117
10
0
1.720
10
0
1.720

B.Bio-NF.130
14
0
2.000
12
1
2.646

B.Bio.102
52
6
3.290
171
19
2.902

B.ES.115
13
0
1.323
13
0
1.323

B.Forst.1101
145
14
2.491
168
8
2.454

B.Forst.1105
30
4
2.776
141
18
2.470

B.Forst.1108
144
35
2.873
170
18
2.955

B.Forst.1114
34
6
3.038
131
35
3.302

B.Forst.1128
137
18
2.975
158
20
3.148

B.Geg.01
87
3
2.407
78
2
2.181

B.Geg.02
15
0
1.467
12
0
1.992

B.Geg.03
24
8
3.488
70
31
3.512

B.Geg.04
72
9
2.384
21
1
2.791

B.Geg.05
37
5
3.269
58
5
2.879

B.Geg.06
62
11
3.186
9
4
3.769

B.Geg.07
118
0
2.103
107
3
2.513

B.Geg.08
11
2
2.923
83
2
2.058

B.Inf.1101
127
53
3.309
16
20
4.036

B.Inf.1102
53
19
3.468
79
27
3.315

B.Inf.1103
31
10
3.241
26
3
2.710

B.Inf.1131
33
5
2.150
111
9
1.582

B.Inf.1132
12
1
2.785
13
7
3.075

B.Inf.1201
10
6
4.188
31
6
3.270

B.Inf.1202
13
6
3.963
19
5
3.225

B.Inf.1203
20
5
3.304
35
30
5
3.083

B.Inf.1204
21
2
2.574
95
2
2.479

B.Inf.1206
90
4
2.419
28
35
4.102

B.Inf.1209
25
6
3.355
37
13
3.350

B.Inf.1210
32
19
3.304
32
15
3.289

B.Inf.1211
24
1
2.292
15
2
2.112

B.Inf.1212
9
3
3.525
20
11
3.658

B.Inf.1236
64
4
2.934
104
6
2.592

B.Inf.1237
59
7
2.524
40
9
2.941

B.Inf.1240
62
1
1.797
96
2
1.515

B.Inf.1241
9
2
2.455
13
2
2.200

B.Inf.1248
24
3
2.319
67
4
2.138

B.Inf.1301
15
1
2.619
16
1
2.782

B.Inf.1302
22
0
2.141
19
0
2.211

B.Inf.1352
10
0
2.760
8
2
3.040

B.Inf.1353
8
2
3.000
9
1
3.200

B.Inf.1354
15
0
2.000
10
0
2.240

B.Inf.1502
10
0
1.460
12
0
2.083

B.Inf.1701
11
0
1.482
9
1
2.820

B.Inf.1704
13
1
2.429
13
1
2.429

B.Inf.1801
42
27
1.000
34
24
1.000

B.Inf.1802
184
0
1.562
209
0
1.832

B.Inf.1803
12
1
1.000
10
0
1.000

B.Inf.1804
28
0
1.000
16
0
1.000

B.Inf.1805
11
0
1.000
11
0
1.000

B.Inf.1831
18
6
2.921
20
2
1.950

B.Inf.1842
26
2
1.000
74
9
1.000

B.Mat.0011
46
16
3.110
17
7
3.725

B.Mat.0012
54
47
3.916
16
30
4.391

B.Mat.0021
10
3
3.315
54
9
3.108

B.Mat.0022
33
2
1.931
8
6
3.743

B.Mat.0721
14
4
3.017
16
16
3.766

B.Mat.0831
61
16
3.330
17
2
3.374

B.Mat.0832
24
4
3.186
24
4
3.186

B.Mat.0843
24
8
3.453
58
8
2.889

B.Mat.0922
23
0
1.000
25
0
1.000

B.Mat.1011
12
2
3.014
16
10
3.500

B.Mat.1014
9
6
4.140
14
6
3.095

B.Mat.1021
14	
6
3.095
12
0
3.008

B.Mat.1024
11
0
2.055
9
2
1.964

B.Mat.2210
17
7
2.892
13
13
3.719

B.Mat.2220
8
2
3.140
9
6
3.367

B.Mat.3131
13
1
1.900
21
0
1.445

B.Mat.3132
11
4
2.667
20
1
1.962

B.Mat.3133
12
3
2.287
14
1
2.287

B.Mat.3134
20
3
2.226
21
0
1.571

B.Mat.3137
40
0
1.480
40
0
1.480

B.Mat.3139
15
0
1.993
17
0
1.753

B.Mat.3230
10
1
1.973
10
0
1.420

B.Mat.3334
17
1
2.072
19
1
2.245

B.Mat.3337
14
0
1.414
14
0
1.414

B.Mat.3338
45
0
1.356
17
0
1.241

B.Mat.3339
13
0
1.769
13
0
1.769

B.Phy.1101
29
16
3.684
67
19
3.466

B.Phy.1102
30
5
2.691
97
2
1.439

B.Phy.1103
26
6
2.909
84
2
1.534

B.Phy.1104
17
0
2.635
20
7
3.004

B.Phy.1201
29
7
3.067
74
10
2.388

B.Phy.1202
32
8
2.938
50
6
2.675

B.Phy.1203
30
12
3.419
59
10
2.432

B.Phy.1204
20
7
3.322
52
3
2.422

B.Phy.1301
14
15
1.000
88
28
1.000

B.Phy.1511
74
6
2.900
7
13
4.390

B.Phy.1521
30
4
3.074
45
6
3.055

B.Phy.1531
10
0
1.180
13
0
1.354

B.Phy.1541
11
0
2.136
11
1
2.250

B.Phy.1551
10
0
2.680
16
1
2.859

B.Phy.1561
20
0
2.130
34
0
2.341

B.Phy.1571
17
2
2.595
19
2
2.724

B.Phy.1602
16
0
1.481
63
1
1.481

B.Phy.1604
13
0
1.000
21
0
1.138

B.Phy.2101
10
2
3.833
11
9
4.145

B.Phy.2102
14
3
3.482
9
2
3.055

B.Phy.2201
13
0
2.385
15
4
3.505

B.Phy.2202
15
4
3.295
7
4
3.936

B.Phy.5605
36
18
3.359
11
2
2.000

B.Phy.5614
14
1
1.867
12
1
1.985

B.Phy.5676
22
0
2.109
19
0
2.211

B.Phy.5721
25
1
1.742
25
1
1.742

B.WIWI-BWL.0002
125
57
3.606
127
41
3.254

B.WIWI-BWL.0003
164
21
2.939
145
14
2.813

B.WIWI-BWL.0004
180
19
2.876
185
29
2.923

B.WIWI-BWL.0005
138
11
2.934
197
22
2.954

B.WIWI-OPH.0001
45
0
1.000
27
0
1.000

B.WIWI-OPH.0003
76
33
3.602
96
36
3.538

B.WIWI-OPH.0004
93
16
3.337
182
58
3.411

B.WIWI-OPH.0005
41
23
3.670
146
87
3.717

B.WIWI-OPH.0009
70
12
3.113
133
15
2.732

B.WIWI-QMW.0011
11
6
3.653
14
2
3.256

B.WIWI-WIN.0001
56
9
3.114
40
5
3.053

B.WIWI-WIN.0002
18
12
3.973
67
11
2.937

B.WIWI-WIN.0004
8
3
3.909
13
1
2.786

B.WIWI-WIN.0005
60
0
2.043
60
0
1.672

B.WIWI-WIN.0007
24
8
2.841
29
9
2.763

B.WIWI-WIN.0010
9
16
4.232
9
3
3.617

B.WIWI-WIN.0015
54
3
2.579
33
0
1.973

B.WIWI-WIN.0021
20
5
3.200
25
2
2.726

B.WIWI-WIN.0022
43
11
3.128
42
9
3.147

B.WIWI-WIN.0023
60
2
1.742
60
2
1.742

B.WIWI-WIN.0027
26
1
2.367
13
2
2.040

B.WIWI-WIN.0032
41
23
3.367
49
16
3.112

B.WIWI-WIN.0035
18
0
1.583
11
0
1.600

M.FES.115
20
0
1.555
14
1
1.867

M.Forst.221
12
1
1.554
23
0
1.657

S.RW.0112K
8
9
4.335
27
11
3.726

S.RW.0113K
5
9
4.429
15
11
4.204

S.RW.0115K	
7
12
4.384
10
9
3.895

S.RW.0211K
19
15
3.982
17
10
3.756

S.RW.0212K
13
17
4.303
25
19
4.000

S.RW.0311K
2
11
4.692
15
11
4.154

S.RW.1132
14
0
1.693
11
0
1.909

S.RW.1136
11
0
1.445
11
0
2.100

S.RW.1223K
6
4
3.900
6
10
4.625

S.RW.1231
10
0
2.340
10
0
2.340

S.RW.1317
46
3
2.539
55
0
2.325

S.RW.1416K
12
5
3.788
17
8
3.696

S.RW.1418K
16
1
2.453
15
4
2.647

S.RW.1432K
13
2
2.527
15
0
2.260

SK.Bio-NF.7001
16
5
3.457
33
7
3.278

SK.Bio.305
20
0
1.605
16
0
1.519

SK.Bio.355
19
12
3.639
10
3
3.008

SK.Bio.356
17
3
3.075
23
0
2.270

SK.Bio.357
7
5
3.608
7
5
3.608

SK.Inf.1801
16
0
1.000
16
0
1.000